Iteration	CPUTime	PhysTime	Travels	Value	AvValue	MinValue	MaxValue	Delta	Criteria	Progress	dGMaxMin	CriteriaType	CriteriaVarType	CriteriaPercentage
1	3	0	0.0107787885	-611.816502	-611.816502	-611.816502	-611.816502	0	0	0	0	0	0	0	3
2	3	0	0.0215575771	-917.124313	-764.470407	-917.124313	-611.816502	152.653905	0	0	0	0	0	0	3
3	4	0	0.0323363656	-1200.23918	-909.726663	-1200.23918	-611.816502	297.910162	0	0	0	0	0	0	3
4	5	0	0.0431151542	-1427.6927	-1039.21817	-1427.6927	-611.816502	427.40167	0	0	0	0	0	0	3
5	5	0	0.0538939427	-1586.57635	-1148.68981	-1586.57635	-611.816502	536.873306	0	0	0	0	0	0	3
6	6	0	0.0646727312	-1694.36517	-1239.6357	-1694.36517	-611.816502	627.8192	0	0	0	0	0	0	3
7	6	0	0.0754515198	-1710.91765	-1306.96169	-1710.91765	-611.816502	695.145192	0	0	0	0	0	0	3
8	7	0	0.0862303083	-1610.79426	-1344.94076	-1710.91765	-611.816502	733.124263	0	0	0	0	0	0	3
9	8	0	0.0970090969	-1467.17399	-1358.52223	-1710.91765	-611.816502	746.705732	0	0	0	0	0	0	3
10	8	0	0.107787885	-1337.99841	-1356.46985	-1710.91765	-611.816502	746.705732	0	0	0	0	0	0	3
11	9	0	0.118566674	-1188.0565	-1341.15955	-1710.91765	-611.816502	746.705732	0	0	0	0	0	0	3
12	9	0	0.129345462	-1063.60607	-1318.03009	-1710.91765	-611.816502	746.705732	0	0	0	0	0	0	3
13	10	0	0.140124251	-1016.02363	-1294.79882	-1710.91765	-611.816502	746.705732	0	0	0	0	0	0	3
14	11	0	0.15090304	-967.876315	-1271.44722	-1710.91765	-611.816502	746.705732	0	0	0	0	0	0	3
15	11	0	0.161681828	-927.613055	-1248.52494	-1710.91765	-611.816502	746.705732	0	0	0	0	0	0	3
16	12	0	0.172460617	-891.511655	-1226.21161	-1710.91765	-611.816502	746.705732	0	0	0	0	0	0	3
17	13	0	0.183239405	-848.824695	-1204.01238	-1710.91765	-611.816502	746.705732	0	0	0	0	0	0	3
18	13	0	0.194018194	-807.105563	-1181.962	-1710.91765	-611.816502	746.705732	0	0	0	0	0	0	3
19	14	0	0.204796982	-769.850896	-1160.27194	-1710.91765	-611.816502	746.705732	0	0	0	0	0	0	3
20	15	0	0.215575771	-737.510073	-1139.13385	-1710.91765	-611.816502	746.705732	0	0	0	0	0	0	3
21	15	0	0.226354559	-709.66511	-1118.68296	-1710.91765	-611.816502	746.705732	0	0	0	0	0	0	3
22	16	0	0.237133348	-681.283387	-1098.80116	-1710.91765	-611.816502	746.705732	0	0	0	0	0	0	3
23	16	0	0.247912136	-655.848598	-1079.54235	-1710.91765	-611.816502	746.705732	0	0	0	0	0	0	3
24	17	0	0.258690925	-635.018181	-1061.02051	-1710.91765	-611.816502	746.705732	0	0	0	0	0	0	3
25	18	0	0.269469714	-616.768114	-1043.25041	-1710.91765	-611.816502	746.705732	0	0	0	0	0	0	3
26	18	0	0.280248502	-600.267177	-1026.2126	-1710.91765	-600.267177	746.705732	0	0	0	0	0	0	3
27	19	0	0.291027291	-578.543041	-1009.63224	-1710.91765	-578.543041	746.705732	0	0	0	0	0	0	3
28	19	0	0.301806079	-557.448395	-993.482821	-1710.91765	-557.448395	746.705732	0	0	0	0	0	0	3
29	20	0	0.312584868	-537.743221	-977.767662	-1710.91765	-537.743221	746.705732	0	0	0	0	0	0	3
30	20	0	0.323363656	-521.948888	-962.573703	-1710.91765	-521.948888	746.705732	0	0	0	0	0	0	3
31	21	0	0.334142445	-513.03068	-948.072315	-1710.91765	-513.03068	746.705732	0	0	0	0	0	0	3
32	21	0	0.344921233	-506.714761	-934.279891	-1710.91765	-506.714761	746.705732	0	0	0	0	0	0	3
33	22	0	0.355700022	-504.673556	-921.261518	-1710.91765	-504.673556	746.705732	0	0	0	0	0	0	3
34	23	0	0.36647881	-504.870003	-909.014708	-1710.91765	-504.673556	746.705732	0	0	0	0	0	0	3
35	23	0	0.377257599	-505.576763	-897.48791	-1710.91765	-504.673556	746.705732	0	0	0	0	0	0	3
36	24	0	0.388036387	-510.086689	-886.726765	-1710.91765	-504.673556	746.705732	0	0	0	0	0	0	3
37	24	0	0.398815176	-507.958109	-876.489774	-1710.91765	-504.673556	746.705732	0	0	0	0	0	0	3
38	25	0	0.409593965	-505.424561	-866.7249	-1710.91765	-504.673556	746.705732	0	0	0	0	0	0	3
39	25	0	0.420372753	-503.284983	-857.405928	-1710.91765	-503.284983	746.705732	0	0	0	0	0	0	3
40	26	0	0.431151542	-501.732695	-848.514097	-1710.91765	-501.732695	746.705732	0	0	0	0	0	0	3
41	26	0	0.44193033	-505.829002	-840.155924	-1710.91765	-501.732695	746.705732	0	0	0	0	0	0	3
42	27	0	0.452709119	-504.871422	-832.17296	-1710.91765	-501.732695	746.705732	0	0	0	0	0	0	3
43	27	0	0.463487907	-504.05995	-824.542425	-1710.91765	-501.732695	746.705732	0	0	0	0	0	0	3
44	28	0	0.474266696	-503.224624	-817.239747	-1710.91765	-501.732695	746.705732	0	0	0	0	0	0	3
45	29	0	0.485045484	-502.12858	-810.237277	-1710.91765	-501.732695	746.705732	0	0	0	0	0	0	3
46	29	0	0.495824273	-505.728543	-803.617522	-1710.91765	-501.732695	746.705732	0	0	0	0	0	0	3
47	30	0	0.506603061	-504.228669	-797.247546	-1710.91765	-501.732695	746.705732	0	0	0	0	0	0	3
48	30	0	0.51738185	-502.878232	-794.929711	-1710.91765	-501.732695	594.051827	0	0	0	0	0	0	3
49	31	0	0.528160638	-501.521982	-786.087108	-1710.91765	-501.521982	572.435126	0	0	0	0	0	0	3
50	31	0	0.538939427	-500.439556	-771.197754	-1710.91765	-500.439556	587.32448	0	0	0	0	0	0	3
51	32	0	0.549718216	-501.974367	-751.50162	-1710.91765	-500.439556	607.020614	0	0	0	0	0	0	3
52	32	0	0.560497004	-501.260566	-728.409794	-1710.91765	-500.439556	630.11244	0	0	0	0	0	0	3
53	33	0	0.571275793	-500.774154	-703.014241	-1710.91765	-500.439556	655.507993	0	0	0	0	0	0	3
54	33	0	0.582054581	-500.632277	-677.263488	-1610.79426	-500.439556	681.258746	0	0	0	0	0	0	3
55	34	0	0.59283337	-500.681373	-653.644065	-1467.17399	-500.439556	704.878169	0	0	0	0	0	0	3
56	34	0	0.603612158	-502.405202	-633.11707	-1337.99841	-500.439556	723.352782	0	0	0	0	0	0	3
57	35	0	0.614390947	-502.723856	-615.345271	-1188.0565	-500.439556	687.616944	0	0	0	0	0	0	3
58	35	0	0.625169735	-503.260011	-600.775133	-1063.60607	-500.439556	563.166517	0	0	0	0	0	0	3
59	36	0	0.635948524	-503.77546	-588.863843	-1016.02363	-500.439556	515.584077	0	0	0	0	0	0	3
60	36	0	0.646727312	-504.332312	-577.976794	-967.876315	-500.439556	467.436759	0	0	0	0	0	0	3
61	37	0	0.657506101	-505.611086	-568.141363	-927.613055	-500.439556	427.173498	0	0	0	0	0	0	3
62	37	0	0.66828489	-505.922861	-559.169231	-891.511655	-500.439556	391.072098	0	0	0	0	0	0	3
63	38	0	0.679063678	-505.935075	-550.965474	-848.824695	-500.439556	348.385139	0	0	0	0	0	0	3
64	38	0	0.689842467	-505.90504	-543.669312	-807.105563	-500.439556	306.666007	0	0	0	0	0	0	3
65	39	0	0.700621255	-505.65674	-537.255507	-769.850896	-500.439556	269.41134	0	0	0	0	0	0	3
66	39	0	0.711400044	-506.073893	-531.64323	-737.510073	-500.439556	237.070517	0	0	0	0	0	0	3
67	40	0	0.722178832	-505.705459	-526.711217	-709.66511	-500.439556	209.225554	0	0	0	0	0	0	3
68	40	0	0.732957621	-505.387538	-522.364886	-681.283387	-500.439556	180.843831	0	0	0	0	0	0	3
69	41	0	0.743736409	-504.953022	-518.613176	-655.848598	-500.439556	155.409041	0	0	0	0	0	0	3
70	41	0	0.754515198	-504.597751	-515.395073	-635.018181	-500.439556	134.578625	0	0	0	0	0	0	3
71	42	0	0.765293986	-504.810017	-512.624686	-616.768114	-500.439556	116.328558	0	0	0	0	0	0	3
72	43	0	0.776072775	-504.535409	-510.236756	-600.267177	-500.439556	99.8276205	0	0	0	0	0	0	3
73	43	0	0.786851563	-504.261237	-508.194077	-578.543041	-500.439556	78.1034844	0	0	0	0	0	0	3
74	44	0	0.797630352	-504.08673	-506.6099	-557.448395	-500.439556	57.0088392	0	0	0	0	0	0	3
75	44	0	0.808409141	-503.810076	-505.468659	-537.743221	-500.439556	37.3036648	0	0	0	0	0	0	3
76	45	0	0.819187929	-504.088963	-504.752611	-521.948888	-500.439556	21.5093318	0	0	0	0	0	0	3
77	45	0	0.829966718	-504.019645	-504.371138	-513.03068	-500.439556	12.5911234	0	0	0	0	0	0	3
78	46	0	0.840745506	-504.104109	-504.181211	-510.086689	-500.439556	9.64713319	0	0	0	0	0	0	3
79	46	0	0.851524295	-504.210887	-504.127937	-510.086689	-500.439556	9.64713319	0	0	0	0	0	0	3
80	47	0	0.862303083	-504.471193	-504.123631	-510.086689	-500.439556	9.64713319	0	0	0	0	0	0	3
81	47	0	0.873081872	-504.954455	-504.125428	-510.086689	-500.439556	9.64713319	0	0	0	0	0	0	3
82	48	0	0.88386066	-505.219828	-504.117834	-510.086689	-500.439556	9.64713319	0	0	0	0	0	0	3
83	48	0	0.894639449	-505.291107	-504.0158	-507.958109	-500.439556	7.51855249	0	0	0	0	0	0	3
84	49	0	0.905418237	-505.49982	-503.963496	-506.073893	-500.439556	5.63433654	0	0	0	0	0	0	3
85	49	0	0.916197026	-505.697165	-503.969296	-506.073893	-500.439556	5.63433654	0	0	0	0	0	0	3
86	49	0	0.926975814	-506.063772	-504.028419	-506.073893	-500.439556	5.63433654	0	0	0	0	0	0	3
87	50	0	0.937754603	-506.237412	-504.124264	-506.237412	-500.439556	5.79785537	0	0	0	0	0	0	3
88	50	0	0.948533392	-506.283904	-504.133943	-506.283904	-500.439556	5.84434748	0	0	0	0	0	0	3
89	51	0	0.95931218	-506.23935	-504.163048	-506.283904	-500.439556	5.84434748	0	0	0	0	0	0	3
90	51	0	0.970090969	-506.282222	-504.21033	-506.283904	-500.439556	5.84434748	0	0	0	0	0	0	3
91	52	0	0.980869757	-506.382655	-504.277523	-506.382655	-500.439556	5.94309879	0	0	0	0	0	0	3
92	52	0	0.991648546	-506.533484	-504.371244	-506.533484	-500.439556	6.09392734	0	0	0	0	0	0	3
93	53	0	1.00242733	-506.573528	-504.389222	-506.573528	-500.439556	6.13397137	36.3143427	0	100	0	0	0	3
